No RegA (1000):
0.8271666666665805 training
0.7312999999999358 test (error 1.6002426706712292)
Theta1 - 3:
[[ 0.13513889 -0.02811666 -0.05730233 ... -0.04820293 -0.01475174
  -0.03441816]
 [-0.40054901  0.18996184  0.17919696 ...  0.17574808  0.12325522
   0.20795614]
 [-0.19610294  0.02826293  0.05255826 ...  0.08837341  0.10459738
   0.04157035]
 [ 0.19472478 -0.10483199 -0.08924023 ... -0.02565852 -0.03442723
  -0.05830441]] [[ 1.5123604  -5.76530647 -2.36074182 -1.11092843  0.78530244]
 [-1.26294399  0.25458914 -2.17992054  5.28811527 -1.35649298]
 [ 1.23438132 -4.5902046   1.93151154  1.4728518  -3.21203878]
 [ 0.19068634  2.42819411  3.73068264 -0.89701265 -4.64621171]
 [-0.89593792 -0.25339724  0.89822563 -3.32713277  3.9322921 ]
 [-0.54223049  3.76568987 -2.69874344 -1.68854005  2.36395329]
 [ 3.85544907  1.25187202 -5.14352548 -2.84415279 -3.12963652]] [[-3.76202501 -4.12524851 -3.44973438 -3.4816086  -4.46104853  1.74763087
   1.30507706  3.83931424]
 [-1.26396819 -2.45135932  2.91179309  1.1581744   1.38343058 -5.22749859
  -3.29442407 -4.40323376]
 [-2.56074326 -2.11760207 -0.08393993 -2.59196193  1.96504604 -4.94250721
   0.37819023  3.56052481]
 [-1.03964115 -2.7233974   2.26740911 -2.99279301 -4.0212289  -1.6122021
   1.88415279 -2.06362332]
 [-1.39451038  0.53143758 -4.94466708  2.47522338  0.42353571  0.12012961
  -3.59670036 -1.9159894 ]
 [-3.36978827  4.31029036 -2.03291102 -2.65472077 -3.9608596  -0.66439656
   1.45803466  0.93990609]
 [-3.81533801  2.53569926 -3.31441513  1.59518146 -1.19918377 -3.97825283
  -2.81614131  6.44791943]
 [-0.84105974 -5.25413774 -2.78047075 -3.35007012  2.59859814  1.45867216
   0.28458643 -5.51779276]
 [-2.26603236  4.12510927  2.80383922 -0.82640002 -3.82418551 -1.13002218
  -1.45621616 -2.65709401]
 [-0.85909688 -0.4257619  -2.22504966  0.51290404 -2.4710282   2.99967531
  -2.66783194 -3.92687242]]