[[ 0.03284203  0.13986036  0.20810909  0.10065911  0.36301424  0.09157631
   0.18874184 -0.24869722 -0.28292496 -0.1370137   0.17971975  0.02043485
   0.33322522  0.2276725   0.19088944 -0.22249854  0.34277206 -0.27646173
   0.03973576 -0.24532479]
 [ 0.24024806  0.02487142  0.22840369 -0.06428705  0.13333819  0.19923063
   0.25591655  0.05632085 -0.20774276  0.29987629  0.12998674 -0.20855996
   0.11771907  0.23914687 -0.10286888  0.31423283  0.14600978  0.14806283
   0.28930539 -0.28088287]
 [ 0.27592877  0.31344821 -0.18868461  0.2901901   0.00171585 -0.22539938
   0.22061716 -0.12956681  0.17012245  0.04028902  0.08713193 -0.05754633
  -0.30663749  0.07173788  0.24242393  0.16016462 -0.25464431 -0.08946775
   0.23837691 -0.0144815 ]
 [-0.19780586  0.27992171  0.07331962 -0.18619782  0.33649058  0.20057889
   0.27898745 -0.21764687  0.19830128  0.24750502  0.29436894 -0.21351915
  -0.01228991  0.08789083  0.12067762  0.22401396  0.2778236   0.31460962
   0.2000109   0.04336465]
 [-0.10883858 -0.12713578  0.18777767 -0.31319086  0.30882253 -0.02114303
  -0.20257712  0.24134263  0.09869879  0.25817941  0.27222333 -0.20652396
  -0.18820435 -0.13047649 -0.1215437   0.24532611 -0.05981613 -0.11598997
  -0.00721837 -0.218155  ]
 [ 0.25753523  0.07558272 -0.11584238 -0.1546612   0.28477947  0.23262136
   0.1233344   0.18004755  0.03052751  0.26059507 -0.09438059  0.00379728
   0.3463971   0.26974909  0.26858186 -0.1042784   0.29581652 -0.24320125
  -0.10758139  0.0942593 ]
 [ 0.28331044 -0.18264005  0.16183474 -0.15124908  0.19331343  0.34803309
   0.23575504  0.14115257  0.16862877  0.08767581  0.18863149 -0.30363931
   0.00666529 -0.1539913  -0.19694227 -0.19799164 -0.10617614 -0.24124261
  -0.25990322  0.17194457]
 [-0.08847631  0.18684624  0.21959086  0.15328581 -0.03149713 -0.18336961
  -0.1444317  -0.06588384 -0.24909777 -0.32038884 -0.18981814  0.02001009
  -0.15246899  0.21698563 -0.09516227  0.15151403  0.17034418  0.04822788
  -0.14625848 -0.27398949]
 [ 0.28760986  0.00586456  0.23517559  0.03975574 -0.13551048  0.32542624
  -0.17491877 -0.12764678  0.19666685  0.12257042 -0.24915801  0.10583138
  -0.07128211 -0.18246025  0.31611903 -0.23313659  0.21517307 -0.15469637
  -0.13652232 -0.32505633]
 [-0.16603827 -0.2466747  -0.28504074 -0.11107232  0.26836041 -0.10424944
  -0.06517522 -0.22904113 -0.17313915  0.31091366  0.09755712 -0.04199257
   0.06939015  0.24485845 -0.27616271  0.29753521  0.03190488  0.1923855
  -0.16054139  0.26343003]
 [ 0.0311047  -0.15458005 -0.25172322  0.25313066 -0.02476119 -0.03278551
   0.18211162  0.23294033  0.1974464  -0.19889918  0.23664338  0.05516849
   0.0281968   0.2098778  -0.26324225  0.03526474 -0.1262218  -0.05965157
  -0.20841557  0.30355264]
 [ 0.32001066  0.11883302 -0.22853861  0.01089759 -0.242783   -0.10140051
  -0.07266203  0.30745295 -0.0142064   0.00098148  0.19790133 -0.09189316
  -0.27518996  0.245616    0.07984642  0.22603773 -0.01030686  0.29221069
  -0.02949349  0.23205183]
 [ 0.14368473  0.21466863 -0.06101977  0.249426    0.24521806  0.09948764
   0.16955248 -0.22482196  0.10527106  0.08254478  0.04082987 -0.1629717
   0.16487953 -0.1583683   0.16368839 -0.18301363 -0.02696445  0.23229251
   0.21762475  0.25320065]
 [-0.01708567  0.26144743 -0.16486186  0.29107141  0.18684029  0.29057522
   0.21835626 -0.01129988  0.31833359  0.28430671 -0.06509796  0.26006218
   0.18301119  0.14871317  0.31180706 -0.22557681  0.07783688  0.14814796
  -0.26935429 -0.23239211]
 [ 0.02193078 -0.05817471 -0.15473592 -0.23733088  0.16931223  0.05486268
  -0.17919908 -0.23437911 -0.32818404  0.0807716   0.01150357 -0.25948436
  -0.03918488  0.20373378  0.12810446  0.07926954  0.1309152  -0.26050311
   0.2438292  -0.06686824]
 [-0.23898689  0.17081894 -0.23396511  0.23209437 -0.124718   -0.04836192
   0.16504924 -0.16376357 -0.23102291  0.05866624  0.27818321  0.21283467
   0.19590689  0.18167163 -0.14436809 -0.15437828 -0.03734385 -0.29543771
  -0.25670516  0.28055716]
 [-0.15912438 -0.05521463  0.02448545  0.30482993 -0.02184629  0.14806402
   0.02812006 -0.21265676  0.28613169  0.19526398  0.2600422   0.03093653
  -0.08499825 -0.00570089  0.30996999  0.11423033  0.130706    0.28467311
  -0.25841871  0.17236833]
 [ 0.21048341  0.31969135 -0.14329062 -0.24718098 -0.09944831  0.00624075
  -0.23644809 -0.14752537 -0.13753613  0.00446281 -0.27408087  0.19118141
   0.15769146  0.19398649 -0.11244983 -0.09331048 -0.29399236  0.32044246
  -0.11947329  0.02784534]
 [-0.18950844 -0.25918053 -0.19456938  0.03153679  0.13106512  0.31175253
  -0.15457354 -0.25140743  0.25484931 -0.21855881  0.06888186 -0.13790389
  -0.06562712  0.2118419   0.21002527 -0.0177115   0.24655842  0.28834192
  -0.05847996  0.14367194]]