[[-2.83416973e-01 -3.96323418e-01 -1.33898239e-02 -4.08447320e-01
  -4.69943305e-01  1.95588405e-01 -1.08714755e-01  1.34460452e-01
  -2.13738670e-01 -8.36359215e-02  4.30844445e-02 -3.14118830e-02
   1.13837617e-01 -4.37719451e-01 -4.53678546e-01  4.39581261e-02
   5.66870195e-02 -3.63173337e-01  1.68854321e-01 -4.30797487e-01]
 [-2.34374611e-01 -2.65430832e-01 -3.35009674e-01 -1.02833813e-01
  -3.28744556e-03 -1.93862848e-01  9.25171775e-02 -4.52325841e-01
  -3.79770788e-01 -5.24640740e-01  1.40122538e-01  3.36207973e-02
   7.62899083e-02 -3.30252488e-01 -3.62696640e-01  6.67443566e-02
  -9.05376541e-02  9.28547806e-02  1.57423793e-01 -4.08473168e-01]
 [-1.08039441e-01 -1.73051186e-01 -4.89048455e-01 -2.03078448e-02
  -5.14489890e-02  1.76813422e-01  3.53415371e-02  5.34585491e-04
  -2.28968617e-01 -4.50502369e-01 -1.36793917e-01 -2.64935218e-01
   3.39866557e-02 -4.89916898e-01 -5.18058528e-01 -2.59492505e-01
  -2.12780601e-01 -2.54658059e-01 -4.41446289e-02  1.71130088e-01]
 [-5.48664097e-01 -2.43259227e-01 -1.38439537e-01  9.61324839e-02
  -3.53307930e-01 -3.83145025e-01 -2.98478850e-01 -2.91409352e-01
   2.06292911e-01  1.17014240e-01 -7.62924182e-02  5.53223787e-02
   1.12810974e-01 -1.85183878e-01 -3.76109540e-01 -2.43380615e-01
  -8.56029696e-02 -1.90432653e-02  3.94974524e-02 -3.00122212e-01]
 [-6.05846732e-01  6.92769600e-03 -4.58840368e-01 -1.99982150e-01
  -1.63193138e-01 -1.62407413e-01 -5.46215269e-02 -2.94858481e-01
  -4.42836469e-02 -4.50969063e-02 -1.52977621e-01  6.48120662e-03
  -9.41553363e-03 -2.95725978e-01 -1.41829070e-01 -5.96212869e-03
  -2.13370769e-01  5.30511285e-02 -2.62676899e-01 -1.43058546e-01]
 [-5.16860862e-01 -4.86069772e-01 -1.54502034e-01  1.28978881e-01
  -3.80812517e-01 -5.99111104e-03 -3.26535266e-01 -1.48229204e-01
  -6.98486070e-02 -3.32292185e-01  8.89828187e-02 -3.00512543e-01
  -8.13645254e-02 -1.10152445e-01  4.41228147e-02 -9.43353645e-02
  -2.79312280e-01 -6.01944172e-02 -1.20284160e-01 -1.03066182e-03]
 [-2.95399762e-01 -1.44833791e-01 -7.51801776e-02 -4.25790743e-01
  -2.14528695e-01  1.38378857e-01 -4.11067705e-01 -5.47604574e-02
  -3.65450636e-01 -2.88115573e-02  1.49444701e-01 -2.07057037e-01
  -2.88896011e-01 -6.51042100e-02 -2.68636202e-01  1.85197248e-01
  -2.49620324e-01 -1.77589282e-01 -1.08577109e-01 -3.10150262e-01]
 [-1.73289477e-01 -2.17304934e-01 -3.76323429e-02  2.95534071e-02
  -7.48418990e-02 -3.64324352e-01 -5.54673857e-01 -1.55668458e-01
  -2.37129556e-01 -3.90524312e-01 -7.28280692e-02 -8.11730475e-02
  -4.36663028e-01  8.02605854e-02  1.39949557e-02 -2.65892319e-01
  -4.74895764e-01 -2.24803867e-02 -2.28897768e-01  9.81031371e-02]
 [-4.12951658e-01 -2.23748227e-01  7.67286519e-02 -4.35144294e-01
  -4.31113273e-01 -3.45664938e-01 -4.98045815e-01 -1.36220329e-02
  -2.50960179e-02 -2.89993383e-01  1.46972740e-02  1.49663942e-01
  -2.72307742e-01  3.71351238e-02  9.71703594e-02 -6.65200168e-02
  -1.19628726e-01 -5.00742819e-03 -2.79661593e-01 -2.47714765e-01]
 [-1.46239494e-01 -5.09141657e-01 -3.60808979e-01  6.27586210e-02
  -2.22832539e-01  8.21845571e-02 -2.74161107e-01 -8.40246935e-02
   3.99870538e-02  1.42775440e-01 -2.66908003e-01 -2.86971702e-02
  -4.42496870e-01 -4.39250446e-01 -2.61311217e-01 -3.42343307e-01
   2.97997224e-02  6.86027656e-02  9.47366968e-04 -1.60943004e-01]]