
2024-01-21 16:17:50.146483:23.574224534891428 [80, 0.11399256470725307, 8, 0.01, 20.0] 
2024-01-21 17:03:09.558382:95.77238342191916 [2048, 0.0, 128, 0.0001, 20.0] 
2024-01-21 17:10:08.948348:14.859340073691396 [289, 0.10937861289426971, 42, 0.008026688309015931, 0.0] 
2024-01-21 17:52:57.189248:0.15341285460303247 [659, 0.3972142699856362, 36, 0.009368855626490778, 9.274852143314952] 
2024-01-23 21:21:38.714968:0.15243271910646272 [659, 0.3972142699856362, 36, 0.009368855626490778, 9.274852143314952] 
2024-01-24 19:07:32.875209:0.15580235572421006 [659, 0.3972142699856362, 36, 0.009368855626490778, 9.274852143314952] 
2024-01-27 21:12:14.268685:0.0435901757021403 [1668, 0.0, 33, 0.002580686067199954, 0.0] 
2024-01-27 21:21:49.868468:0.12706763582185834 [4096, 0.0, 128, 0.01, 20.0] 
2024-01-27 21:31:24.080924:0.09846110825431036 [4096, 0.08098040404459304, 1, 0.004572183362716402, 0.0] 
