
2024-01-21 17:03:09.558382:0.17391584407779423 [0.0, 0.5, 10, 1100, 1.0, 1, 0.0, 0.0] 
2024-01-21 17:10:08.948348:0.2926765794369593 [0.0, 0.13132159973661028, 10, 1100, 1.0, 1, 5.0, 5.0] 
2024-01-23 21:21:38.714968:0.17391584407779423 [0.0, 0.5, 10, 1100, 1.0, 1, 0.0, 0.0] 
2024-01-24 19:07:32.875209:0.17391584407779423 [0.0, 0.5, 10, 1100, 1.0, 1, 0.0, 0.0] 
2024-01-27 21:12:14.268685:0.27008320337177744 [0.0, 0.027830412355343795, 7, 1078, 1.0, 3, 0.0, 0.0] 
2024-01-27 21:31:24.080924:0.09533816874927353 [0.0, 0.29325530517186316, 8, 226, 0.9876920327668965, 8, 1.6633530724462262, 4.203775786102334] 

2024-03-21 16:35:00.678557:0.09707161029782235 [0.0, 0.10030256169460258, 10, 1100, 0.8484387946297756, 2, 4.609403801896215, 2.7545285243510453] 
2024-03-24 17:19:50.645253:0.07713432541545776 [0.0, 0.5, 3, 1100, 1.0, 10, 0.0, 3.2326933153176824] 
2024-03-24 18:09:15.729316:0.07713432541545776 [0.0, 0.5, 3, 1100, 1.0, 10, 0.0, 3.2326933153176824] 
2024-03-24 18:42:06.363754:0.09707161029782235 [0.0, 0.10030256169460258, 10, 1100, 0.8484387946297756, 2, 4.609403801896215, 2.7545285243510453] 
2024-03-24 19:27:18.686643:0.0887820876502068 [0.0, 0.5, 10, 100, 1.0, 1, 0.0, 0.0] 
2024-03-27 19:16:33.215100:0.09241247036464942 [0.0, 0.09031805029377193, 10, 1100, 1.0, 1, 0.0, 5.0] 
2024-03-30 15:54:27.657660:0.9410338983717323 [1.8595582660829393, 0.11564302539036084, 8, 182, 0.645053048905654, 4, 7.7001168272758855, 8.460393721213645] 
2024-03-30 16:23:07.789432:0.9385792968681475 [13.714748449635454, 0.33710629174598605, 6, 243, 0.7300398026076875, 2, 2.1891254177318435, 1.063719568201548] 
2024-03-30 16:26:25.351059:0.9410338983717323 [9.71761387257816, 0.028585545002158534, 4, 291, 0.7621478373135377, 9, 9.831501994654804, 2.4529974502512513] 